2073600 0.000732 2073600  
36656640 0.013248 36656640  
33177600 0.010621 33177600  
5184000 0.002212 5184000  
50400 0.000080 50400  
1920000 0.001301 1920000  
883600 0.000712 883600  
1920000 0.000687 1920000  
1920000 0.001232 1920000  
65536 0.000079 65536  
48174 0.000056 48174  
90000 0.000102 90000  
351900 0.000148 351900  
307200 0.000150 307200  
262144 0.000169 262144  
307200 0.000157 307200  
262144 0.000155 262144 
 

2073600 0.001065 2073600  
36656640 0.010101 36656640  
33177600 0.011427 33177600  
5184000 0.001529 5184000  
50400 0.000047 50400  
1920000 0.000947 1920000  
883600 0.000341 883600  
1920000 0.000880 1920000  
1920000 0.001035 1920000  
65536 0.000067 65536  
48174 0.000056 48174  
90000 0.000059 90000  
351900 0.000155 351900  
307200 0.000141 307200  
262144 0.000124 262144  
307200 0.000140 307200  
262144 0.000126 262144  
